30000000CTNo Such Place Exists                                   0      0.000000  0.000000   0.000000    0  0.0000
64200100PAAaronsburg                                           485      0.520877 40.900946 -77.453383 7795  7.6972
70100124ALAbbeville                                           2987     15.560669 31.566367 -85.25130025892  0.2964
51300184GAAbbeville                                           2298      3.060449 31.991549 -83.30755125031  0.0486
32200100LAAbbeville                                          11887      5.648810 29.972489 -92.12905627953  0.9358
52800100MSAbbeville                                            423      3.480487 34.504525 -89.50071323179  6.6897
64500100SCAbbeville                                           5840      5.867972 34.178572 -82.37920021844  0.4989
25500100WIAbbotsford                                          1956      3.051198 44.946716 -90.318333 3909  0.2577
94800100TXAbbott                                               300      0.579163 31.883865 -97.07568026588  5.3277
14200116PAAbbottstown                                          905      0.568391 39.885621 -76.98612010574  1.6814
22000100KSAbbyville                                            128      0.185657 37.970619 -98.20376418386  1.3055
73800100NDAbercrombie                                          296      0.613316 46.447182 -96.729487 2555  8.8377
01600100IDAberdeen                                            1840      1.017782 42.943405-112.839322 7422  7.5147
92400125MDAberdeen                                           13842      6.389850 39.510310 -76.16917811025  0.1565
32800180MSAberdeen                                            6415     10.713682 33.824412 -88.54973323766  0.1401
63700160NCAberdeen                                            3400      6.164109 35.138494 -79.42770119565  0.6712
03900142OHAberdeen                                            1603      1.413891 38.665027 -83.76763815258  0.3515
64600100SDAberdeen                                           24658     12.963771 45.463708 -98.481291 3696  0.8741
25300100WAAberdeen                                           16461     10.628101 46.975833-123.818669  496  0.2682
65300135WAAberdeen Gardens                                     227      1.379586 47.072449-123.770557  496  4.9461
12400175MDAberdeen Proving Ground                             3116     11.369414 39.473451 -76.14083711044  1.1082
84800160TXAbernathy                                           2839      1.181951 33.831842-101.84507924757 12.3197
73100205NEAbie                                                 108      0.109692 41.334744 -96.94965712305  8.3680
92000125KSAbilene                                             6543      4.128864 38.919721 -97.21732916961  1.2324
24801000TXAbilene                                           115930    105.131329 32.446425 -99.74548226108  0.4682
01700113ILAbingdon                                            3612      1.459322 40.803572 -90.40077013137  3.9714
25100148VAAbingdon                                            7780      8.341865 36.709773 -81.97569417929  0.6623
32500135MAAbington                                           14605      9.941281 42.119534 -70.947876 2978  0.6457
72200240LAAbita Springs                                       1957      4.125660 30.476233 -90.03513827499  3.1009
54801066TXAbram-Perezville                                    5444      5.069201 26.238767 -98.40472028960  1.8001
93000175MTAbsarokee                                           1234      2.029429 45.520147-109.443782 2846 11.3536
23400100NJAbsecon                                             7638      5.717178 39.430416 -74.50391110193  0.1247
22400225MDAccident                                             353      0.496408 39.628074 -79.31999612199  3.8999
82400250MDAccokeek                                            7349     22.415273 38.672216 -77.01807213156  0.3669
95100180VAAccomac                                              547      0.413745 37.718678 -75.66732313806 14.3351
73600155NYAccord                                               622      3.388190 41.791103 -74.228766 5112  3.7695
37200186PRAceitunas                                           1688      0.262303 18.444443 -67.06646329085  2.7367
61600280IDAcequia                                              144      0.308283 42.668387-113.595046 7669  5.2054
14000100OKAchille                                              506      0.386058 33.834640 -96.39018524408  7.4178
24801108TXAckerly                                              245      0.309164 32.525563-101.71424226241 15.5422
92800300MSAckerman                                            1696      2.253359 33.311400 -89.17474524475  0.6331
31900190IAAckley                                              1809      2.451794 42.552498 -93.053772 9230  7.7690
11900235IAAckworth                                              85      0.298498 41.365115 -93.47323512219  4.5689
95300275WAAcme                                                 263      9.805551 48.715402-122.209954  258  4.6604
43500765NMAcomita Lake                                         312      3.417888 35.065931-107.62351122440  8.5356
70800320COAcres Green                                         3205      0.620140 39.556740-104.89545415674  1.0555
80600212CAActon                                               2390      4.642310 34.472777-118.18369621093  6.6542
42500530MAAcushnet Center                                     3171      1.455359 41.682487 -70.905947 3719  3.6659
51300408GAAcworth                                            13422      7.075802 34.062732 -84.66988522651  2.9751
02700172MNAda                                                 1657      1.342312 47.298701 -96.515796 1696  0.2587
33900198OHAda                                                 5582      1.871428 40.768883 -83.82229811377  0.4141
64000200OKAda                                                15691     15.701331 34.763661 -96.66821423335  0.6274
11900370IAAdair                                                839      2.201240 41.500094 -94.64383912078  1.9085
04000250OKAdair                                                704      4.517472 36.436910 -95.26254620387  7.3525
64100275ORAdair Village                                        536      0.238190 44.673476-123.217734 2000  5.5835
31300436GAAdairsville                                         2542      6.170770 34.368925 -84.92821222074  5.8236
22100298KYAdairville                                           920      1.305390 36.668489 -86.85398719075  1.1014
00200065AKAdak                                                 316    122.353062 51.883419-176.645061   12167.6500
62500590MAAdams                                               5784      2.264148 42.625349 -73.118249 2953  3.4283
12700190MNAdams                                                800      1.010584 43.567041 -92.718616 7161  7.1727
53800340NDAdams                                                203      0.988695 48.421471 -98.074215  894  9.6793
53100240NEAdams                                                489      0.595007 40.457526 -96.51032214205  0.5017
43600199NYAdams                                               1624      1.540773 43.809088 -76.023850 2637  7.1076
74100350ORAdams                                                297      0.344113 45.767112-118.563738 1748  5.2875
64700200TNAdams                                                566      2.447719 36.581689 -87.06511619225  0.1504
